task1
29
Tukey's HSD Pairwise Group Comparisons (95.0% Confidence Interval)
Comparison  Statistic  p-value  Lower CI  Upper CI
 (0 - 1)     -1.966     1.000   -16.328    12.396
 (0 - 2)      6.089     0.847    -8.273    20.451
 (0 - 3)      1.830     1.000   -12.532    16.193
 (0 - 4)      7.277     0.700    -7.085    21.639
 (0 - 5)      7.416     0.681    -6.946    21.778
 (0 - 6)      7.388     0.685    -6.974    21.750
 (0 - 7)      7.775     0.630    -6.587    22.137
 (1 - 0)      1.966     1.000   -12.396    16.328
 (1 - 2)      8.055     0.590    -6.307    22.417
 (1 - 3)      3.797     0.986   -10.565    18.159
 (1 - 4)      9.243     0.424    -5.119    23.606
 (1 - 5)      9.382     0.406    -4.980    23.744
 (1 - 6)      9.354     0.410    -5.008    23.716
 (1 - 7)      9.741     0.361    -4.621    24.103
 (2 - 0)     -6.089     0.847   -20.451     8.273
 (2 - 1)     -8.055     0.590   -22.417     6.307
 (2 - 3)     -4.258     0.973   -18.620    10.104
 (2 - 4)      1.189     1.000   -13.173    15.551
 (2 - 5)      1.327     1.000   -13.035    15.689
 (2 - 6)      1.299     1.000   -13.063    15.662
 (2 - 7)      1.687     1.000   -12.676    16.049
 (3 - 0)     -1.830     1.000   -16.193    12.532
 (3 - 1)     -3.797     0.986   -18.159    10.565
 (3 - 2)      4.258     0.973   -10.104    18.620
 (3 - 4)      5.447     0.906    -8.915    19.809
 (3 - 5)      5.585     0.895    -8.777    19.947
 (3 - 6)      5.558     0.897    -8.804    19.920
 (3 - 7)      5.945     0.861    -8.417    20.307
 (4 - 0)     -7.277     0.700   -21.639     7.085
 (4 - 1)     -9.243     0.424   -23.606     5.119
 (4 - 2)     -1.189     1.000   -15.551    13.173
 (4 - 3)     -5.447     0.906   -19.809     8.915
 (4 - 5)      0.138     1.000   -14.224    14.501
 (4 - 6)      0.111     1.000   -14.251    14.473
 (4 - 7)      0.498     1.000   -13.864    14.860
 (5 - 0)     -7.416     0.681   -21.778     6.946
 (5 - 1)     -9.382     0.406   -23.744     4.980
 (5 - 2)     -1.327     1.000   -15.689    13.035
 (5 - 3)     -5.585     0.895   -19.947     8.777
 (5 - 4)     -0.138     1.000   -14.501    14.224
 (5 - 6)     -0.028     1.000   -14.390    14.334
 (5 - 7)      0.359     1.000   -14.003    14.721
 (6 - 0)     -7.388     0.685   -21.750     6.974
 (6 - 1)     -9.354     0.410   -23.716     5.008
 (6 - 2)     -1.299     1.000   -15.662    13.063
 (6 - 3)     -5.558     0.897   -19.920     8.804
 (6 - 4)     -0.111     1.000   -14.473    14.251
 (6 - 5)      0.028     1.000   -14.334    14.390
 (6 - 7)      0.387     1.000   -13.975    14.749
 (7 - 0)     -7.775     0.630   -22.137     6.587
 (7 - 1)     -9.741     0.361   -24.103     4.621
 (7 - 2)     -1.687     1.000   -16.049    12.676
 (7 - 3)     -5.945     0.861   -20.307     8.417
 (7 - 4)     -0.498     1.000   -14.860    13.864
 (7 - 5)     -0.359     1.000   -14.721    14.003
 (7 - 6)     -0.387     1.000   -14.749    13.975

task1
59
Tukey's HSD Pairwise Group Comparisons (95.0% Confidence Interval)
Comparison  Statistic  p-value  Lower CI  Upper CI
 (0 - 1)     12.284     0.050     0.014    24.554
 (0 - 2)     14.379     0.014     2.108    26.649
 (0 - 3)      4.798     0.892    -7.472    17.068
 (0 - 4)     15.280     0.008     3.009    27.550
 (0 - 5)     15.375     0.007     3.105    27.645
 (0 - 6)     16.856     0.003     4.585    29.126
 (0 - 7)     17.188     0.002     4.918    29.458
 (1 - 0)    -12.284     0.050   -24.554    -0.014
 (1 - 2)      2.094     0.999   -10.176    14.364
 (1 - 3)     -7.486     0.490   -19.756     4.784
 (1 - 4)      2.995     0.991    -9.275    15.265
 (1 - 5)      3.091     0.989    -9.179    15.361
 (1 - 6)      4.571     0.913    -7.699    16.841
 (1 - 7)      4.904     0.881    -7.366    17.174
 (2 - 0)    -14.379     0.014   -26.649    -2.108
 (2 - 1)     -2.094     0.999   -14.364    10.176
 (2 - 3)     -9.580     0.209   -21.851     2.690
 (2 - 4)      0.901     1.000   -11.369    13.171
 (2 - 5)      0.997     1.000   -11.274    13.267
 (2 - 6)      2.477     0.997    -9.793    14.747
 (2 - 7)      2.810     0.994    -9.460    15.080
 (3 - 0)     -4.798     0.892   -17.068     7.472
 (3 - 1)      7.486     0.490    -4.784    19.756
 (3 - 2)      9.580     0.209    -2.690    21.851
 (3 - 4)     10.481     0.134    -1.789    22.751
 (3 - 5)     10.577     0.128    -1.693    22.847
 (3 - 6)     12.057     0.057    -0.213    24.328
 (3 - 7)     12.390     0.047     0.120    24.660
 (4 - 0)    -15.280     0.008   -27.550    -3.009
 (4 - 1)     -2.995     0.991   -15.265     9.275
 (4 - 2)     -0.901     1.000   -13.171    11.369
 (4 - 3)    -10.481     0.134   -22.751     1.789
 (4 - 5)      0.096     1.000   -12.175    12.366
 (4 - 6)      1.576     1.000   -10.694    13.846
 (4 - 7)      1.909     0.999   -10.361    14.179
 (5 - 0)    -15.375     0.007   -27.645    -3.105
 (5 - 1)     -3.091     0.989   -15.361     9.179
 (5 - 2)     -0.997     1.000   -13.267    11.274
 (5 - 3)    -10.577     0.128   -22.847     1.693
 (5 - 4)     -0.096     1.000   -12.366    12.175
 (5 - 6)      1.480     1.000   -10.790    13.751
 (5 - 7)      1.813     1.000   -10.457    14.083
 (6 - 0)    -16.856     0.003   -29.126    -4.585
 (6 - 1)     -4.571     0.913   -16.841     7.699
 (6 - 2)     -2.477     0.997   -14.747     9.793
 (6 - 3)    -12.057     0.057   -24.328     0.213
 (6 - 4)     -1.576     1.000   -13.846    10.694
 (6 - 5)     -1.480     1.000   -13.751    10.790
 (6 - 7)      0.333     1.000   -11.937    12.603
 (7 - 0)    -17.188     0.002   -29.458    -4.918
 (7 - 1)     -4.904     0.881   -17.174     7.366
 (7 - 2)     -2.810     0.994   -15.080     9.460
 (7 - 3)    -12.390     0.047   -24.660    -0.120
 (7 - 4)     -1.909     0.999   -14.179    10.361
 (7 - 5)     -1.813     1.000   -14.083    10.457
 (7 - 6)     -0.333     1.000   -12.603    11.937

task1
119
Tukey's HSD Pairwise Group Comparisons (95.0% Confidence Interval)
Comparison  Statistic  p-value  Lower CI  Upper CI
 (0 - 1)     18.833     0.000     9.807    27.858
 (0 - 2)     18.095     0.000     9.069    27.120
 (0 - 3)      6.309     0.326    -2.716    15.334
 (0 - 4)     18.779     0.000     9.754    27.804
 (0 - 5)     18.753     0.000     9.728    27.778
 (0 - 6)     20.375     0.000    11.349    29.400
 (0 - 7)     20.972     0.000    11.947    29.997
 (1 - 0)    -18.833     0.000   -27.858    -9.807
 (1 - 2)     -0.738     1.000    -9.763     8.287
 (1 - 3)    -12.524     0.003   -21.549    -3.498
 (1 - 4)     -0.053     1.000    -9.079     8.972
 (1 - 5)     -0.080     1.000    -9.105     8.946
 (1 - 6)      1.542     0.999    -7.483    10.567
 (1 - 7)      2.140     0.992    -6.886    11.165
 (2 - 0)    -18.095     0.000   -27.120    -9.069
 (2 - 1)      0.738     1.000    -8.287     9.763
 (2 - 3)    -11.786     0.005   -20.811    -2.760
 (2 - 4)      0.685     1.000    -8.341     9.710
 (2 - 5)      0.658     1.000    -8.367     9.684
 (2 - 6)      2.280     0.989    -6.745    11.305
 (2 - 7)      2.878     0.960    -6.148    11.903
 (3 - 0)     -6.309     0.326   -15.334     2.716
 (3 - 1)     12.524     0.003     3.498    21.549
 (3 - 2)     11.786     0.005     2.760    20.811
 (3 - 4)     12.470     0.003     3.445    21.495
 (3 - 5)     12.444     0.003     3.419    21.469
 (3 - 6)     14.066     0.001     5.040    23.091
 (3 - 7)     14.663     0.000     5.638    23.688
 (4 - 0)    -18.779     0.000   -27.804    -9.754
 (4 - 1)      0.053     1.000    -8.972     9.079
 (4 - 2)     -0.685     1.000    -9.710     8.341
 (4 - 3)    -12.470     0.003   -21.495    -3.445
 (4 - 5)     -0.026     1.000    -9.052     8.999
 (4 - 6)      1.595     0.999    -7.430    10.621
 (4 - 7)      2.193     0.991    -6.832    11.218
 (5 - 0)    -18.753     0.000   -27.778    -9.728
 (5 - 1)      0.080     1.000    -8.946     9.105
 (5 - 2)     -0.658     1.000    -9.684     8.367
 (5 - 3)    -12.444     0.003   -21.469    -3.419
 (5 - 4)      0.026     1.000    -8.999     9.052
 (5 - 6)      1.622     0.999    -7.404    10.647
 (5 - 7)      2.219     0.991    -6.806    11.245
 (6 - 0)    -20.375     0.000   -29.400   -11.349
 (6 - 1)     -1.542     0.999   -10.567     7.483
 (6 - 2)     -2.280     0.989   -11.305     6.745
 (6 - 3)    -14.066     0.001   -23.091    -5.040
 (6 - 4)     -1.595     0.999   -10.621     7.430
 (6 - 5)     -1.622     0.999   -10.647     7.404
 (6 - 7)      0.598     1.000    -8.428     9.623
 (7 - 0)    -20.972     0.000   -29.997   -11.947
 (7 - 1)     -2.140     0.992   -11.165     6.886
 (7 - 2)     -2.878     0.960   -11.903     6.148
 (7 - 3)    -14.663     0.000   -23.688    -5.638
 (7 - 4)     -2.193     0.991   -11.218     6.832
 (7 - 5)     -2.219     0.991   -11.245     6.806
 (7 - 6)     -0.598     1.000    -9.623     8.428

task2
29
Tukey's HSD Pairwise Group Comparisons (95.0% Confidence Interval)
Comparison  Statistic  p-value  Lower CI  Upper CI
 (0 - 1)     -6.708     0.700   -19.941     6.525
 (0 - 2)      1.177     1.000   -12.056    14.410
 (0 - 3)     -7.406     0.593   -20.639     5.827
 (0 - 4)      0.998     1.000   -12.235    14.230
 (0 - 5)      1.159     1.000   -12.074    14.392
 (0 - 6)      2.552     0.998   -10.681    15.785
 (0 - 7)      2.978     0.994   -10.255    16.211
 (1 - 0)      6.708     0.700    -6.525    19.941
 (1 - 2)      7.885     0.518    -5.348    21.118
 (1 - 3)     -0.697     1.000   -13.930    12.536
 (1 - 4)      7.706     0.546    -5.527    20.939
 (1 - 5)      7.867     0.521    -5.366    21.100
 (1 - 6)      9.260     0.325    -3.972    22.493
 (1 - 7)      9.686     0.275    -3.547    22.919
 (2 - 0)     -1.177     1.000   -14.410    12.056
 (2 - 1)     -7.885     0.518   -21.118     5.348
 (2 - 3)     -8.583     0.415   -21.815     4.650
 (2 - 4)     -0.179     1.000   -13.412    13.054
 (2 - 5)     -0.018     1.000   -13.251    13.215
 (2 - 6)      1.375     1.000   -11.858    14.608
 (2 - 7)      1.801     1.000   -11.432    15.034
 (3 - 0)      7.406     0.593    -5.827    20.639
 (3 - 1)      0.697     1.000   -12.536    13.930
 (3 - 2)      8.583     0.415    -4.650    21.815
 (3 - 4)      8.403     0.441    -4.830    21.636
 (3 - 5)      8.564     0.417    -4.668    21.797
 (3 - 6)      9.958     0.246    -3.275    23.191
 (3 - 7)     10.384     0.205    -2.849    23.617
 (4 - 0)     -0.998     1.000   -14.230    12.235
 (4 - 1)     -7.706     0.546   -20.939     5.527
 (4 - 2)      0.179     1.000   -13.054    13.412
 (4 - 3)     -8.403     0.441   -21.636     4.830
 (4 - 5)      0.161     1.000   -13.072    13.394
 (4 - 6)      1.555     1.000   -11.678    14.787
 (4 - 7)      1.980     1.000   -11.252    15.213
 (5 - 0)     -1.159     1.000   -14.392    12.074
 (5 - 1)     -7.867     0.521   -21.100     5.366
 (5 - 2)      0.018     1.000   -13.215    13.251
 (5 - 3)     -8.564     0.417   -21.797     4.668
 (5 - 4)     -0.161     1.000   -13.394    13.072
 (5 - 6)      1.393     1.000   -11.840    14.626
 (5 - 7)      1.819     1.000   -11.414    15.052
 (6 - 0)     -2.552     0.998   -15.785    10.681
 (6 - 1)     -9.260     0.325   -22.493     3.972
 (6 - 2)     -1.375     1.000   -14.608    11.858
 (6 - 3)     -9.958     0.246   -23.191     3.275
 (6 - 4)     -1.555     1.000   -14.787    11.678
 (6 - 5)     -1.393     1.000   -14.626    11.840
 (6 - 7)      0.426     1.000   -12.807    13.659
 (7 - 0)     -2.978     0.994   -16.211    10.255
 (7 - 1)     -9.686     0.275   -22.919     3.547
 (7 - 2)     -1.801     1.000   -15.034    11.432
 (7 - 3)    -10.384     0.205   -23.617     2.849
 (7 - 4)     -1.980     1.000   -15.213    11.252
 (7 - 5)     -1.819     1.000   -15.052    11.414
 (7 - 6)     -0.426     1.000   -13.659    12.807

task2
59
Tukey's HSD Pairwise Group Comparisons (95.0% Confidence Interval)
Comparison  Statistic  p-value  Lower CI  Upper CI
 (0 - 1)      3.065     1.000   -17.810    23.939
 (0 - 2)     10.134     0.741   -10.741    31.008
 (0 - 3)     -3.602     0.999   -24.477    17.272
 (0 - 4)     10.686     0.690   -10.189    31.560
 (0 - 5)     11.265     0.634    -9.609    32.140
 (0 - 6)     12.144     0.547    -8.730    33.019
 (0 - 7)     12.412     0.521    -8.462    33.287
 (1 - 0)     -3.065     1.000   -23.939    17.810
 (1 - 2)      7.069     0.946   -13.806    27.943
 (1 - 3)     -6.667     0.960   -27.542    14.207
 (1 - 4)      7.621     0.921   -13.254    28.495
 (1 - 5)      8.201     0.890   -12.674    29.075
 (1 - 6)      9.080     0.830   -11.795    29.954
 (1 - 7)      9.348     0.809   -11.527    30.222
 (2 - 0)    -10.134     0.741   -31.008    10.741
 (2 - 1)     -7.069     0.946   -27.943    13.806
 (2 - 3)    -13.736     0.397   -34.610     7.138
 (2 - 4)      0.552     1.000   -20.322    21.427
 (2 - 5)      1.132     1.000   -19.743    22.006
 (2 - 6)      2.011     1.000   -18.864    22.885
 (2 - 7)      2.279     1.000   -18.596    23.153
 (3 - 0)      3.602     0.999   -17.272    24.477
 (3 - 1)      6.667     0.960   -14.207    27.542
 (3 - 2)     13.736     0.397    -7.138    34.610
 (3 - 4)     14.288     0.350    -6.586    35.162
 (3 - 5)     14.868     0.305    -6.007    35.742
 (3 - 6)     15.747     0.243    -5.128    36.621
 (3 - 7)     16.015     0.226    -4.860    36.889
 (4 - 0)    -10.686     0.690   -31.560    10.189
 (4 - 1)     -7.621     0.921   -28.495    13.254
 (4 - 2)     -0.552     1.000   -21.427    20.322
 (4 - 3)    -14.288     0.350   -35.162     6.586
 (4 - 5)      0.580     1.000   -20.295    21.454
 (4 - 6)      1.459     1.000   -19.416    22.333
 (4 - 7)      1.727     1.000   -19.148    22.601
 (5 - 0)    -11.265     0.634   -32.140     9.609
 (5 - 1)     -8.201     0.890   -29.075    12.674
 (5 - 2)     -1.132     1.000   -22.006    19.743
 (5 - 3)    -14.868     0.305   -35.742     6.007
 (5 - 4)     -0.580     1.000   -21.454    20.295
 (5 - 6)      0.879     1.000   -19.995    21.753
 (5 - 7)      1.147     1.000   -19.727    22.021
 (6 - 0)    -12.144     0.547   -33.019     8.730
 (6 - 1)     -9.080     0.830   -29.954    11.795
 (6 - 2)     -2.011     1.000   -22.885    18.864
 (6 - 3)    -15.747     0.243   -36.621     5.128
 (6 - 4)     -1.459     1.000   -22.333    19.416
 (6 - 5)     -0.879     1.000   -21.753    19.995
 (6 - 7)      0.268     1.000   -20.606    21.142
 (7 - 0)    -12.412     0.521   -33.287     8.462
 (7 - 1)     -9.348     0.809   -30.222    11.527
 (7 - 2)     -2.279     1.000   -23.153    18.596
 (7 - 3)    -16.015     0.226   -36.889     4.860
 (7 - 4)     -1.727     1.000   -22.601    19.148
 (7 - 5)     -1.147     1.000   -22.021    19.727
 (7 - 6)     -0.268     1.000   -21.142    20.606

task2
119
Tukey's HSD Pairwise Group Comparisons (95.0% Confidence Interval)
Comparison  Statistic  p-value  Lower CI  Upper CI
 (0 - 1)     12.283     0.411    -6.592    31.158
 (0 - 2)     12.287     0.410    -6.588    31.163
 (0 - 3)     -3.084     0.999   -21.959    15.791
 (0 - 4)     12.243     0.415    -6.632    31.119
 (0 - 5)     13.168     0.328    -5.707    32.043
 (0 - 6)     13.471     0.302    -5.405    32.346
 (0 - 7)     14.478     0.226    -4.398    33.353
 (1 - 0)    -12.283     0.411   -31.158     6.592
 (1 - 2)      0.004     1.000   -18.871    18.880
 (1 - 3)    -15.367     0.172   -34.242     3.508
 (1 - 4)     -0.040     1.000   -18.915    18.836
 (1 - 5)      0.885     1.000   -17.990    19.760
 (1 - 6)      1.188     1.000   -17.687    20.063
 (1 - 7)      2.195     1.000   -16.681    21.070
 (2 - 0)    -12.287     0.410   -31.163     6.588
 (2 - 1)     -0.004     1.000   -18.880    18.871
 (2 - 3)    -15.371     0.172   -34.247     3.504
 (2 - 4)     -0.044     1.000   -18.919    18.831
 (2 - 5)      0.881     1.000   -17.995    19.756
 (2 - 6)      1.184     1.000   -17.692    20.059
 (2 - 7)      2.190     1.000   -16.685    21.066
 (3 - 0)      3.084     0.999   -15.791    21.959
 (3 - 1)     15.367     0.172    -3.508    34.242
 (3 - 2)     15.371     0.172    -3.504    34.247
 (3 - 4)     15.327     0.174    -3.548    34.203
 (3 - 5)     16.252     0.128    -2.623    35.127
 (3 - 6)     16.555     0.116    -2.320    35.430
 (3 - 7)     17.562     0.081    -1.314    36.437
 (4 - 0)    -12.243     0.415   -31.119     6.632
 (4 - 1)      0.040     1.000   -18.836    18.915
 (4 - 2)      0.044     1.000   -18.831    18.919
 (4 - 3)    -15.327     0.174   -34.203     3.548
 (4 - 5)      0.925     1.000   -17.951    19.800
 (4 - 6)      1.228     1.000   -17.648    20.103
 (4 - 7)      2.234     1.000   -16.641    21.110
 (5 - 0)    -13.168     0.328   -32.043     5.707
 (5 - 1)     -0.885     1.000   -19.760    17.990
 (5 - 2)     -0.881     1.000   -19.756    17.995
 (5 - 3)    -16.252     0.128   -35.127     2.623
 (5 - 4)     -0.925     1.000   -19.800    17.951
 (5 - 6)      0.303     1.000   -18.572    19.178
 (5 - 7)      1.310     1.000   -17.566    20.185
 (6 - 0)    -13.471     0.302   -32.346     5.405
 (6 - 1)     -1.188     1.000   -20.063    17.687
 (6 - 2)     -1.184     1.000   -20.059    17.692
 (6 - 3)    -16.555     0.116   -35.430     2.320
 (6 - 4)     -1.228     1.000   -20.103    17.648
 (6 - 5)     -0.303     1.000   -19.178    18.572
 (6 - 7)      1.007     1.000   -17.869    19.882
 (7 - 0)    -14.478     0.226   -33.353     4.398
 (7 - 1)     -2.195     1.000   -21.070    16.681
 (7 - 2)     -2.190     1.000   -21.066    16.685
 (7 - 3)    -17.562     0.081   -36.437     1.314
 (7 - 4)     -2.234     1.000   -21.110    16.641
 (7 - 5)     -1.310     1.000   -20.185    17.566
 (7 - 6)     -1.007     1.000   -19.882    17.869

task3
29
Tukey's HSD Pairwise Group Comparisons (95.0% Confidence Interval)
Comparison  Statistic  p-value  Lower CI  Upper CI
 (0 - 1)    -24.833     0.036   -48.606    -1.061
 (0 - 2)     -0.981     1.000   -24.753    22.791
 (0 - 3)    -17.860     0.247   -41.632     5.913
 (0 - 4)     -1.012     1.000   -24.784    22.761
 (0 - 5)      0.634     1.000   -23.139    24.406
 (0 - 6)      1.135     1.000   -22.638    24.907
 (0 - 7)      2.519     1.000   -21.253    26.291
 (1 - 0)     24.833     0.036     1.061    48.606
 (1 - 2)     23.852     0.049     0.080    47.625
 (1 - 3)      6.974     0.974   -16.799    30.746
 (1 - 4)     23.822     0.049     0.049    47.594
 (1 - 5)     25.467     0.030     1.695    49.240
 (1 - 6)     25.968     0.025     2.196    49.741
 (1 - 7)     27.353     0.016     3.580    51.125
 (2 - 0)      0.981     1.000   -22.791    24.753
 (2 - 1)    -23.852     0.049   -47.625    -0.080
 (2 - 3)    -16.879     0.308   -40.651     6.894
 (2 - 4)     -0.031     1.000   -23.803    23.742
 (2 - 5)      1.615     1.000   -22.158    25.387
 (2 - 6)      2.116     1.000   -21.657    25.888
 (2 - 7)      3.500     1.000   -20.272    27.272
 (3 - 0)     17.860     0.247    -5.913    41.632
 (3 - 1)     -6.974     0.974   -30.746    16.799
 (3 - 2)     16.879     0.308    -6.894    40.651
 (3 - 4)     16.848     0.310    -6.924    40.620
 (3 - 5)     18.494     0.213    -5.279    42.266
 (3 - 6)     18.994     0.188    -4.778    42.767
 (3 - 7)     20.379     0.132    -3.394    44.151
 (4 - 0)      1.012     1.000   -22.761    24.784
 (4 - 1)    -23.822     0.049   -47.594    -0.049
 (4 - 2)      0.031     1.000   -23.742    23.803
 (4 - 3)    -16.848     0.310   -40.620     6.924
 (4 - 5)      1.646     1.000   -22.127    25.418
 (4 - 6)      2.146     1.000   -21.626    25.919
 (4 - 7)      3.531     1.000   -20.242    27.303
 (5 - 0)     -0.634     1.000   -24.406    23.139
 (5 - 1)    -25.467     0.030   -49.240    -1.695
 (5 - 2)     -1.615     1.000   -25.387    22.158
 (5 - 3)    -18.494     0.213   -42.266     5.279
 (5 - 4)     -1.646     1.000   -25.418    22.127
 (5 - 6)      0.501     1.000   -23.272    24.273
 (5 - 7)      1.885     1.000   -21.887    25.658
 (6 - 0)     -1.135     1.000   -24.907    22.638
 (6 - 1)    -25.968     0.025   -49.741    -2.196
 (6 - 2)     -2.116     1.000   -25.888    21.657
 (6 - 3)    -18.994     0.188   -42.767     4.778
 (6 - 4)     -2.146     1.000   -25.919    21.626
 (6 - 5)     -0.501     1.000   -24.273    23.272
 (6 - 7)      1.384     1.000   -22.388    25.157
 (7 - 0)     -2.519     1.000   -26.291    21.253
 (7 - 1)    -27.353     0.016   -51.125    -3.580
 (7 - 2)     -3.500     1.000   -27.272    20.272
 (7 - 3)    -20.379     0.132   -44.151     3.394
 (7 - 4)     -3.531     1.000   -27.303    20.242
 (7 - 5)     -1.885     1.000   -25.658    21.887
 (7 - 6)     -1.384     1.000   -25.157    22.388

task3
59
Tukey's HSD Pairwise Group Comparisons (95.0% Confidence Interval)
Comparison  Statistic  p-value  Lower CI  Upper CI
 (0 - 1)    -11.064     0.821   -36.205    14.076
 (0 - 2)      0.709     1.000   -24.432    25.849
 (0 - 3)    -16.261     0.418   -41.402     8.880
 (0 - 4)      0.062     1.000   -25.079    25.203
 (0 - 5)      1.770     1.000   -23.371    26.910
 (0 - 6)      1.946     1.000   -23.195    27.087
 (0 - 7)      3.160     1.000   -21.981    28.301
 (1 - 0)     11.064     0.821   -14.076    36.205
 (1 - 2)     11.773     0.773   -13.367    36.914
 (1 - 3)     -5.197     0.997   -30.337    19.944
 (1 - 4)     11.126     0.817   -14.014    36.267
 (1 - 5)     12.834     0.693   -12.306    37.975
 (1 - 6)     13.010     0.679   -12.130    38.151
 (1 - 7)     14.224     0.580   -10.916    39.365
 (2 - 0)     -0.709     1.000   -25.849    24.432
 (2 - 1)    -11.773     0.773   -36.914    13.367
 (2 - 3)    -16.970     0.367   -42.110     8.171
 (2 - 4)     -0.647     1.000   -25.788    24.494
 (2 - 5)      1.061     1.000   -24.080    26.202
 (2 - 6)      1.237     1.000   -23.903    26.378
 (2 - 7)      2.451     1.000   -22.689    27.592
 (3 - 0)     16.261     0.418    -8.880    41.402
 (3 - 1)      5.197     0.997   -19.944    30.337
 (3 - 2)     16.970     0.367    -8.171    42.110
 (3 - 4)     16.323     0.414    -8.818    41.464
 (3 - 5)     18.031     0.297    -7.110    43.171
 (3 - 6)     18.207     0.286    -6.934    43.348
 (3 - 7)     19.421     0.219    -5.719    44.562
 (4 - 0)     -0.062     1.000   -25.203    25.079
 (4 - 1)    -11.126     0.817   -36.267    14.014
 (4 - 2)      0.647     1.000   -24.494    25.788
 (4 - 3)    -16.323     0.414   -41.464     8.818
 (4 - 5)      1.708     1.000   -23.433    26.848
 (4 - 6)      1.884     1.000   -23.257    27.025
 (4 - 7)      3.098     1.000   -22.042    28.239
 (5 - 0)     -1.770     1.000   -26.910    23.371
 (5 - 1)    -12.834     0.693   -37.975    12.306
 (5 - 2)     -1.061     1.000   -26.202    24.080
 (5 - 3)    -18.031     0.297   -43.171     7.110
 (5 - 4)     -1.708     1.000   -26.848    23.433
 (5 - 6)      0.176     1.000   -24.964    25.317
 (5 - 7)      1.390     1.000   -23.750    26.531
 (6 - 0)     -1.946     1.000   -27.087    23.195
 (6 - 1)    -13.010     0.679   -38.151    12.130
 (6 - 2)     -1.237     1.000   -26.378    23.903
 (6 - 3)    -18.207     0.286   -43.348     6.934
 (6 - 4)     -1.884     1.000   -27.025    23.257
 (6 - 5)     -0.176     1.000   -25.317    24.964
 (6 - 7)      1.214     1.000   -23.926    26.355
 (7 - 0)     -3.160     1.000   -28.301    21.981
 (7 - 1)    -14.224     0.580   -39.365    10.916
 (7 - 2)     -2.451     1.000   -27.592    22.689
 (7 - 3)    -19.421     0.219   -44.562     5.719
 (7 - 4)     -3.098     1.000   -28.239    22.042
 (7 - 5)     -1.390     1.000   -26.531    23.750
 (7 - 6)     -1.214     1.000   -26.355    23.926

task3
119
Tukey's HSD Pairwise Group Comparisons (95.0% Confidence Interval)
Comparison  Statistic  p-value  Lower CI  Upper CI
 (0 - 1)      1.495     1.000   -31.243    34.233
 (0 - 2)      4.754     1.000   -27.984    37.492
 (0 - 3)    -13.181     0.877   -45.919    19.557
 (0 - 4)      4.888     1.000   -27.850    37.626
 (0 - 5)      4.924     1.000   -27.814    37.662
 (0 - 6)      5.431     0.999   -27.306    38.169
 (0 - 7)      6.029     0.998   -26.709    38.766
 (1 - 0)     -1.495     1.000   -34.233    31.243
 (1 - 2)      3.259     1.000   -29.479    35.997
 (1 - 3)    -14.676     0.808   -47.414    18.062
 (1 - 4)      3.393     1.000   -29.345    36.131
 (1 - 5)      3.429     1.000   -29.309    36.167
 (1 - 6)      3.937     1.000   -28.801    36.674
 (1 - 7)      4.534     1.000   -28.204    37.271
 (2 - 0)     -4.754     1.000   -37.492    27.984
 (2 - 1)     -3.259     1.000   -35.997    29.479
 (2 - 3)    -17.935     0.617   -50.673    14.803
 (2 - 4)      0.134     1.000   -32.604    32.871
 (2 - 5)      0.170     1.000   -32.568    32.908
 (2 - 6)      0.677     1.000   -32.061    33.415
 (2 - 7)      1.274     1.000   -31.463    34.012
 (3 - 0)     13.181     0.877   -19.557    45.919
 (3 - 1)     14.676     0.808   -18.062    47.414
 (3 - 2)     17.935     0.617   -14.803    50.673
 (3 - 4)     18.068     0.609   -14.669    50.806
 (3 - 5)     18.105     0.606   -14.633    50.843
 (3 - 6)     18.612     0.574   -14.126    51.350
 (3 - 7)     19.209     0.537   -13.528    51.947
 (4 - 0)     -4.888     1.000   -37.626    27.850
 (4 - 1)     -3.393     1.000   -36.131    29.345
 (4 - 2)     -0.134     1.000   -32.871    32.604
 (4 - 3)    -18.068     0.609   -50.806    14.669
 (4 - 5)      0.036     1.000   -32.702    32.774
 (4 - 6)      0.544     1.000   -32.194    33.282
 (4 - 7)      1.141     1.000   -31.597    33.879
 (5 - 0)     -4.924     1.000   -37.662    27.814
 (5 - 1)     -3.429     1.000   -36.167    29.309
 (5 - 2)     -0.170     1.000   -32.908    32.568
 (5 - 3)    -18.105     0.606   -50.843    14.633
 (5 - 4)     -0.036     1.000   -32.774    32.702
 (5 - 6)      0.508     1.000   -32.230    33.245
 (5 - 7)      1.105     1.000   -31.633    33.842
 (6 - 0)     -5.431     0.999   -38.169    27.306
 (6 - 1)     -3.937     1.000   -36.674    28.801
 (6 - 2)     -0.677     1.000   -33.415    32.061
 (6 - 3)    -18.612     0.574   -51.350    14.126
 (6 - 4)     -0.544     1.000   -33.282    32.194
 (6 - 5)     -0.508     1.000   -33.245    32.230
 (6 - 7)      0.597     1.000   -32.141    33.335
 (7 - 0)     -6.029     0.998   -38.766    26.709
 (7 - 1)     -4.534     1.000   -37.271    28.204
 (7 - 2)     -1.274     1.000   -34.012    31.463
 (7 - 3)    -19.209     0.537   -51.947    13.528
 (7 - 4)     -1.141     1.000   -33.879    31.597
 (7 - 5)     -1.105     1.000   -33.842    31.633
 (7 - 6)     -0.597     1.000   -33.335    32.141

task3
199
Tukey's HSD Pairwise Group Comparisons (95.0% Confidence Interval)
Comparison  Statistic  p-value  Lower CI  Upper CI
 (0 - 1)      1.156     1.000   -40.410    42.722
 (0 - 2)      1.768     1.000   -39.798    43.334
 (0 - 3)    -14.920     0.927   -56.486    26.646
 (0 - 4)      2.727     1.000   -38.839    44.293
 (0 - 5)      4.384     1.000   -37.182    45.950
 (0 - 6)      3.919     1.000   -37.647    45.485
 (0 - 7)      5.388     1.000   -36.178    46.954
 (1 - 0)     -1.156     1.000   -42.722    40.410
 (1 - 2)      0.612     1.000   -40.954    42.178
 (1 - 3)    -16.076     0.897   -57.642    25.490
 (1 - 4)      1.571     1.000   -39.995    43.137
 (1 - 5)      3.228     1.000   -38.338    44.794
 (1 - 6)      2.763     1.000   -38.803    44.329
 (1 - 7)      4.232     1.000   -37.334    45.798
 (2 - 0)     -1.768     1.000   -43.334    39.798
 (2 - 1)     -0.612     1.000   -42.178    40.954
 (2 - 3)    -16.688     0.878   -58.254    24.878
 (2 - 4)      0.959     1.000   -40.607    42.525
 (2 - 5)      2.616     1.000   -38.950    44.182
 (2 - 6)      2.151     1.000   -39.415    43.717
 (2 - 7)      3.620     1.000   -37.946    45.186
 (3 - 0)     14.920     0.927   -26.646    56.486
 (3 - 1)     16.076     0.897   -25.490    57.642
 (3 - 2)     16.688     0.878   -24.878    58.254
 (3 - 4)     17.648     0.846   -23.918    59.214
 (3 - 5)     19.304     0.780   -22.262    60.870
 (3 - 6)     18.839     0.799   -22.727    60.405
 (3 - 7)     20.309     0.735   -21.258    61.875
 (4 - 0)     -2.727     1.000   -44.293    38.839
 (4 - 1)     -1.571     1.000   -43.137    39.995
 (4 - 2)     -0.959     1.000   -42.525    40.607
 (4 - 3)    -17.648     0.846   -59.214    23.918
 (4 - 5)      1.657     1.000   -39.909    43.223
 (4 - 6)      1.192     1.000   -40.374    42.758
 (4 - 7)      2.661     1.000   -38.905    44.227
 (5 - 0)     -4.384     1.000   -45.950    37.182
 (5 - 1)     -3.228     1.000   -44.794    38.338
 (5 - 2)     -2.616     1.000   -44.182    38.950
 (5 - 3)    -19.304     0.780   -60.870    22.262
 (5 - 4)     -1.657     1.000   -43.223    39.909
 (5 - 6)     -0.465     1.000   -42.031    41.101
 (5 - 7)      1.004     1.000   -40.562    42.570
 (6 - 0)     -3.919     1.000   -45.485    37.647
 (6 - 1)     -2.763     1.000   -44.329    38.803
 (6 - 2)     -2.151     1.000   -43.717    39.415
 (6 - 3)    -18.839     0.799   -60.405    22.727
 (6 - 4)     -1.192     1.000   -42.758    40.374
 (6 - 5)      0.465     1.000   -41.101    42.031
 (6 - 7)      1.469     1.000   -40.097    43.035
 (7 - 0)     -5.388     1.000   -46.954    36.178
 (7 - 1)     -4.232     1.000   -45.798    37.334
 (7 - 2)     -3.620     1.000   -45.186    37.946
 (7 - 3)    -20.309     0.735   -61.875    21.258
 (7 - 4)     -2.661     1.000   -44.227    38.905
 (7 - 5)     -1.004     1.000   -42.570    40.562
 (7 - 6)     -1.469     1.000   -43.035    40.097

task3
244
Tukey's HSD Pairwise Group Comparisons (95.0% Confidence Interval)
Comparison  Statistic  p-value  Lower CI  Upper CI
 (0 - 1)     14.301     0.727   -14.719    43.321
 (0 - 2)     14.692     0.701   -14.329    43.712
 (0 - 3)     -7.545     0.987   -36.565    21.476
 (0 - 4)     18.178     0.457   -10.842    47.198
 (0 - 5)     18.703     0.423   -10.317    47.724
 (0 - 6)     19.484     0.373    -9.536    48.504
 (0 - 7)     19.828     0.353    -9.192    48.848
 (1 - 0)    -14.301     0.727   -43.321    14.719
 (1 - 2)      0.391     1.000   -28.630    29.411
 (1 - 3)    -21.845     0.245   -50.866     7.175
 (1 - 4)      3.877     1.000   -25.143    32.897
 (1 - 5)      4.402     1.000   -24.618    33.423
 (1 - 6)      5.183     0.999   -23.837    34.204
 (1 - 7)      5.527     0.998   -23.493    34.548
 (2 - 0)    -14.692     0.701   -43.712    14.329
 (2 - 1)     -0.391     1.000   -29.411    28.630
 (2 - 3)    -22.236     0.227   -51.256     6.784
 (2 - 4)      3.486     1.000   -25.534    32.506
 (2 - 5)      4.012     1.000   -25.009    33.032
 (2 - 6)      4.792     0.999   -24.228    33.813
 (2 - 7)      5.137     0.999   -23.884    34.157
 (3 - 0)      7.545     0.987   -21.476    36.565
 (3 - 1)     21.845     0.245    -7.175    50.866
 (3 - 2)     22.236     0.227    -6.784    51.256
 (3 - 4)     25.722     0.109    -3.298    54.743
 (3 - 5)     26.248     0.097    -2.772    55.268
 (3 - 6)     27.029     0.081    -1.992    56.049
 (3 - 7)     27.373     0.074    -1.648    56.393
 (4 - 0)    -18.178     0.457   -47.198    10.842
 (4 - 1)     -3.877     1.000   -32.897    25.143
 (4 - 2)     -3.486     1.000   -32.506    25.534
 (4 - 3)    -25.722     0.109   -54.743     3.298
 (4 - 5)      0.526     1.000   -28.495    29.546
 (4 - 6)      1.306     1.000   -27.714    30.327
 (4 - 7)      1.650     1.000   -27.370    30.671
 (5 - 0)    -18.703     0.423   -47.724    10.317
 (5 - 1)     -4.402     1.000   -33.423    24.618
 (5 - 2)     -4.012     1.000   -33.032    25.009
 (5 - 3)    -26.248     0.097   -55.268     2.772
 (5 - 4)     -0.526     1.000   -29.546    28.495
 (5 - 6)      0.781     1.000   -28.240    29.801
 (5 - 7)      1.125     1.000   -27.896    30.145
 (6 - 0)    -19.484     0.373   -48.504     9.536
 (6 - 1)     -5.183     0.999   -34.204    23.837
 (6 - 2)     -4.792     0.999   -33.813    24.228
 (6 - 3)    -27.029     0.081   -56.049     1.992
 (6 - 4)     -1.306     1.000   -30.327    27.714
 (6 - 5)     -0.781     1.000   -29.801    28.240
 (6 - 7)      0.344     1.000   -28.676    29.364
 (7 - 0)    -19.828     0.353   -48.848     9.192
 (7 - 1)     -5.527     0.998   -34.548    23.493
 (7 - 2)     -5.137     0.999   -34.157    23.884
 (7 - 3)    -27.373     0.074   -56.393     1.648
 (7 - 4)     -1.650     1.000   -30.671    27.370
 (7 - 5)     -1.125     1.000   -30.145    27.896
 (7 - 6)     -0.344     1.000   -29.364    28.676

task4
29
Tukey's HSD Pairwise Group Comparisons (95.0% Confidence Interval)
Comparison  Statistic  p-value  Lower CI  Upper CI
 (0 - 1)     -4.647     0.244   -10.814     1.519
 (0 - 2)      0.003     1.000    -6.164     6.169
 (0 - 3)     -9.918     0.000   -16.084    -3.752
 (0 - 4)     -0.481     1.000    -6.648     5.685
 (0 - 5)      0.045     1.000    -6.122     6.211
 (0 - 6)      0.219     1.000    -5.947     6.386
 (0 - 7)      0.453     1.000    -5.713     6.620
 (1 - 0)      4.647     0.244    -1.519    10.814
 (1 - 2)      4.650     0.243    -1.516    10.816
 (1 - 3)     -5.271     0.134   -11.437     0.896
 (1 - 4)      4.166     0.366    -2.000    10.332
 (1 - 5)      4.692     0.234    -1.475    10.858
 (1 - 6)      4.867     0.199    -1.300    11.033
 (1 - 7)      5.100     0.159    -1.066    11.267
 (2 - 0)     -0.003     1.000    -6.169     6.164
 (2 - 1)     -4.650     0.243   -10.816     1.516
 (2 - 3)     -9.921     0.000   -16.087    -3.754
 (2 - 4)     -0.484     1.000    -6.650     5.682
 (2 - 5)      0.042     1.000    -6.125     6.208
 (2 - 6)      0.217     1.000    -5.950     6.383
 (2 - 7)      0.450     1.000    -5.716     6.617
 (3 - 0)      9.918     0.000     3.752    16.084
 (3 - 1)      5.271     0.134    -0.896    11.437
 (3 - 2)      9.921     0.000     3.754    16.087
 (3 - 4)      9.437     0.001     3.270    15.603
 (3 - 5)      9.962     0.000     3.796    16.129
 (3 - 6)     10.137     0.000     3.971    16.304
 (3 - 7)     10.371     0.000     4.205    16.537
 (4 - 0)      0.481     1.000    -5.685     6.648
 (4 - 1)     -4.166     0.366   -10.332     2.000
 (4 - 2)      0.484     1.000    -5.682     6.650
 (4 - 3)     -9.437     0.001   -15.603    -3.270
 (4 - 5)      0.526     1.000    -5.640     6.692
 (4 - 6)      0.701     1.000    -5.466     6.867
 (4 - 7)      0.934     1.000    -5.232     7.101
 (5 - 0)     -0.045     1.000    -6.211     6.122
 (5 - 1)     -4.692     0.234   -10.858     1.475
 (5 - 2)     -0.042     1.000    -6.208     6.125
 (5 - 3)     -9.962     0.000   -16.129    -3.796
 (5 - 4)     -0.526     1.000    -6.692     5.640
 (5 - 6)      0.175     1.000    -5.992     6.341
 (5 - 7)      0.409     1.000    -5.758     6.575
 (6 - 0)     -0.219     1.000    -6.386     5.947
 (6 - 1)     -4.867     0.199   -11.033     1.300
 (6 - 2)     -0.217     1.000    -6.383     5.950
 (6 - 3)    -10.137     0.000   -16.304    -3.971
 (6 - 4)     -0.701     1.000    -6.867     5.466
 (6 - 5)     -0.175     1.000    -6.341     5.992
 (6 - 7)      0.234     1.000    -5.933     6.400
 (7 - 0)     -0.453     1.000    -6.620     5.713
 (7 - 1)     -5.100     0.159   -11.267     1.066
 (7 - 2)     -0.450     1.000    -6.617     5.716
 (7 - 3)    -10.371     0.000   -16.537    -4.205
 (7 - 4)     -0.934     1.000    -7.101     5.232
 (7 - 5)     -0.409     1.000    -6.575     5.758
 (7 - 6)     -0.234     1.000    -6.400     5.933

task4
59
Tukey's HSD Pairwise Group Comparisons (95.0% Confidence Interval)
Comparison  Statistic  p-value  Lower CI  Upper CI
 (0 - 1)      2.287     0.999   -11.268    15.841
 (0 - 2)      3.358     0.990   -10.197    16.912
 (0 - 3)     -7.694     0.576   -21.248     5.861
 (0 - 4)      3.679     0.983    -9.876    17.233
 (0 - 5)      3.839     0.979    -9.715    17.394
 (0 - 6)      4.074     0.971    -9.481    17.629
 (0 - 7)      4.217     0.965    -9.337    17.772
 (1 - 0)     -2.287     0.999   -15.841    11.268
 (1 - 2)      1.071     1.000   -12.484    14.626
 (1 - 3)     -9.980     0.268   -23.535     3.575
 (1 - 4)      1.392     1.000   -12.163    14.947
 (1 - 5)      1.553     1.000   -12.002    15.107
 (1 - 6)      1.788     1.000   -11.767    15.342
 (1 - 7)      1.931     1.000   -11.624    15.485
 (2 - 0)     -3.358     0.990   -16.912    10.197
 (2 - 1)     -1.071     1.000   -14.626    12.484
 (2 - 3)    -11.051     0.171   -24.606     2.504
 (2 - 4)      0.321     1.000   -13.234    13.876
 (2 - 5)      0.482     1.000   -13.073    14.036
 (2 - 6)      0.717     1.000   -12.838    14.271
 (2 - 7)      0.860     1.000   -12.695    14.414
 (3 - 0)      7.694     0.576    -5.861    21.248
 (3 - 1)      9.980     0.268    -3.575    23.535
 (3 - 2)     11.051     0.171    -2.504    24.606
 (3 - 4)     11.372     0.148    -2.183    24.927
 (3 - 5)     11.533     0.137    -2.022    25.088
 (3 - 6)     11.768     0.123    -1.787    25.322
 (3 - 7)     11.911     0.115    -1.644    25.466
 (4 - 0)     -3.679     0.983   -17.233     9.876
 (4 - 1)     -1.392     1.000   -14.947    12.163
 (4 - 2)     -0.321     1.000   -13.876    13.234
 (4 - 3)    -11.372     0.148   -24.927     2.183
 (4 - 5)      0.161     1.000   -13.394    13.715
 (4 - 6)      0.395     1.000   -13.159    13.950
 (4 - 7)      0.539     1.000   -13.016    14.093
 (5 - 0)     -3.839     0.979   -17.394     9.715
 (5 - 1)     -1.553     1.000   -15.107    12.002
 (5 - 2)     -0.482     1.000   -14.036    13.073
 (5 - 3)    -11.533     0.137   -25.088     2.022
 (5 - 4)     -0.161     1.000   -13.715    13.394
 (5 - 6)      0.235     1.000   -13.320    13.790
 (5 - 7)      0.378     1.000   -13.177    13.933
 (6 - 0)     -4.074     0.971   -17.629     9.481
 (6 - 1)     -1.788     1.000   -15.342    11.767
 (6 - 2)     -0.717     1.000   -14.271    12.838
 (6 - 3)    -11.768     0.123   -25.322     1.787
 (6 - 4)     -0.395     1.000   -13.950    13.159
 (6 - 5)     -0.235     1.000   -13.790    13.320
 (6 - 7)      0.143     1.000   -13.412    13.698
 (7 - 0)     -4.217     0.965   -17.772     9.337
 (7 - 1)     -1.931     1.000   -15.485    11.624
 (7 - 2)     -0.860     1.000   -14.414    12.695
 (7 - 3)    -11.911     0.115   -25.466     1.644
 (7 - 4)     -0.539     1.000   -14.093    13.016
 (7 - 5)     -0.378     1.000   -13.933    13.177
 (7 - 6)     -0.143     1.000   -13.698    13.412

task4
119
Tukey's HSD Pairwise Group Comparisons (95.0% Confidence Interval)
Comparison  Statistic  p-value  Lower CI  Upper CI
 (0 - 1)     14.187     0.000     5.892    22.483
 (0 - 2)      8.895     0.030     0.599    17.190
 (0 - 3)     -5.166     0.464   -13.462     3.129
 (0 - 4)      9.561     0.016     1.266    17.857
 (0 - 5)      8.735     0.034     0.440    17.030
 (0 - 6)     10.408     0.007     2.112    18.703
 (0 - 7)     10.123     0.010     1.827    18.418
 (1 - 0)    -14.187     0.000   -22.483    -5.892
 (1 - 2)     -5.293     0.435   -13.588     3.003
 (1 - 3)    -19.353     0.000   -27.649   -11.058
 (1 - 4)     -4.626     0.597   -12.921     3.669
 (1 - 5)     -5.452     0.399   -13.748     2.843
 (1 - 6)     -3.780     0.795   -12.075     4.516
 (1 - 7)     -4.065     0.733   -12.360     4.231
 (2 - 0)     -8.895     0.030   -17.190    -0.599
 (2 - 1)      5.293     0.435    -3.003    13.588
 (2 - 3)    -14.061     0.000   -22.356    -5.765
 (2 - 4)      0.667     1.000    -7.629     8.962
 (2 - 5)     -0.160     1.000    -8.455     8.136
 (2 - 6)      1.513     0.998    -6.782     9.808
 (2 - 7)      1.228     1.000    -7.068     9.523
 (3 - 0)      5.166     0.464    -3.129    13.462
 (3 - 1)     19.353     0.000    11.058    27.649
 (3 - 2)     14.061     0.000     5.765    22.356
 (3 - 4)     14.727     0.000     6.432    23.023
 (3 - 5)     13.901     0.000     5.606    22.197
 (3 - 6)     15.574     0.000     7.278    23.869
 (3 - 7)     15.289     0.000     6.993    23.584
 (4 - 0)     -9.561     0.016   -17.857    -1.266
 (4 - 1)      4.626     0.597    -3.669    12.921
 (4 - 2)     -0.667     1.000    -8.962     7.629
 (4 - 3)    -14.727     0.000   -23.023    -6.432
 (4 - 5)     -0.826     1.000    -9.122     7.469
 (4 - 6)      0.846     1.000    -7.449     9.142
 (4 - 7)      0.561     1.000    -7.734     8.857
 (5 - 0)     -8.735     0.034   -17.030    -0.440
 (5 - 1)      5.452     0.399    -2.843    13.748
 (5 - 2)      0.160     1.000    -8.136     8.455
 (5 - 3)    -13.901     0.000   -22.197    -5.606
 (5 - 4)      0.826     1.000    -7.469     9.122
 (5 - 6)      1.673     0.997    -6.623     9.968
 (5 - 7)      1.388     0.999    -6.908     9.683
 (6 - 0)    -10.408     0.007   -18.703    -2.112
 (6 - 1)      3.780     0.795    -4.516    12.075
 (6 - 2)     -1.513     0.998    -9.808     6.782
 (6 - 3)    -15.574     0.000   -23.869    -7.278
 (6 - 4)     -0.846     1.000    -9.142     7.449
 (6 - 5)     -1.673     0.997    -9.968     6.623
 (6 - 7)     -0.285     1.000    -8.581     8.010
 (7 - 0)    -10.123     0.010   -18.418    -1.827
 (7 - 1)      4.065     0.733    -4.231    12.360
 (7 - 2)     -1.228     1.000    -9.523     7.068
 (7 - 3)    -15.289     0.000   -23.584    -6.993
 (7 - 4)     -0.561     1.000    -8.857     7.734
 (7 - 5)     -1.388     0.999    -9.683     6.908
 (7 - 6)      0.285     1.000    -8.010     8.581

task4
199
Tukey's HSD Pairwise Group Comparisons (95.0% Confidence Interval)
Comparison  Statistic  p-value  Lower CI  Upper CI
 (0 - 1)      6.152     0.820    -7.792    20.097
 (0 - 2)      6.074     0.829    -7.871    20.018
 (0 - 3)     -5.903     0.848   -19.848     8.041
 (0 - 4)      6.294     0.803    -7.650    20.239
 (0 - 5)      5.981     0.839    -7.963    19.926
 (0 - 6)      7.176     0.685    -6.769    21.120
 (0 - 7)      7.218     0.679    -6.727    21.162
 (1 - 0)     -6.152     0.820   -20.097     7.792
 (1 - 2)     -0.079     1.000   -14.023    13.866
 (1 - 3)    -12.055     0.126   -26.000     1.889
 (1 - 4)      0.142     1.000   -13.802    14.087
 (1 - 5)     -0.171     1.000   -14.115    13.774
 (1 - 6)      1.024     1.000   -12.921    14.968
 (1 - 7)      1.066     1.000   -12.879    15.010
 (2 - 0)     -6.074     0.829   -20.018     7.871
 (2 - 1)      0.079     1.000   -13.866    14.023
 (2 - 3)    -11.977     0.130   -25.921     1.967
 (2 - 4)      0.221     1.000   -13.724    14.165
 (2 - 5)     -0.092     1.000   -14.037    13.852
 (2 - 6)      1.102     1.000   -12.842    15.046
 (2 - 7)      1.144     1.000   -12.800    15.089
 (3 - 0)      5.903     0.848    -8.041    19.848
 (3 - 1)     12.055     0.126    -1.889    26.000
 (3 - 2)     11.977     0.130    -1.967    25.921
 (3 - 4)     12.198     0.118    -1.747    26.142
 (3 - 5)     11.885     0.136    -2.060    25.829
 (3 - 6)     13.079     0.077    -0.865    27.023
 (3 - 7)     13.121     0.076    -0.823    27.065
 (4 - 0)     -6.294     0.803   -20.239     7.650
 (4 - 1)     -0.142     1.000   -14.087    13.802
 (4 - 2)     -0.221     1.000   -14.165    13.724
 (4 - 3)    -12.198     0.118   -26.142     1.747
 (4 - 5)     -0.313     1.000   -14.257    13.631
 (4 - 6)      0.881     1.000   -13.063    14.826
 (4 - 7)      0.923     1.000   -13.021    14.868
 (5 - 0)     -5.981     0.839   -19.926     7.963
 (5 - 1)      0.171     1.000   -13.774    14.115
 (5 - 2)      0.092     1.000   -13.852    14.037
 (5 - 3)    -11.885     0.136   -25.829     2.060
 (5 - 4)      0.313     1.000   -13.631    14.257
 (5 - 6)      1.194     1.000   -12.750    15.139
 (5 - 7)      1.236     1.000   -12.708    15.181
 (6 - 0)     -7.176     0.685   -21.120     6.769
 (6 - 1)     -1.024     1.000   -14.968    12.921
 (6 - 2)     -1.102     1.000   -15.046    12.842
 (6 - 3)    -13.079     0.077   -27.023     0.865
 (6 - 4)     -0.881     1.000   -14.826    13.063
 (6 - 5)     -1.194     1.000   -15.139    12.750
 (6 - 7)      0.042     1.000   -13.902    13.987
 (7 - 0)     -7.218     0.679   -21.162     6.727
 (7 - 1)     -1.066     1.000   -15.010    12.879
 (7 - 2)     -1.144     1.000   -15.089    12.800
 (7 - 3)    -13.121     0.076   -27.065     0.823
 (7 - 4)     -0.923     1.000   -14.868    13.021
 (7 - 5)     -1.236     1.000   -15.181    12.708
 (7 - 6)     -0.042     1.000   -13.987    13.902

task4
244
Tukey's HSD Pairwise Group Comparisons (95.0% Confidence Interval)
Comparison  Statistic  p-value  Lower CI  Upper CI
 (0 - 1)      5.273     0.513    -3.540    14.086
 (0 - 2)      3.068     0.937    -5.745    11.881
 (0 - 3)     -7.886     0.103   -16.700     0.927
 (0 - 4)      3.013     0.943    -5.800    11.826
 (0 - 5)      3.602     0.869    -5.211    12.415
 (0 - 6)      4.016     0.795    -4.797    12.829
 (0 - 7)      4.730     0.640    -4.083    13.543
 (1 - 0)     -5.273     0.513   -14.086     3.540
 (1 - 2)     -2.204     0.990   -11.017     6.609
 (1 - 3)    -13.159     0.001   -21.972    -4.346
 (1 - 4)     -2.260     0.988   -11.073     6.553
 (1 - 5)     -1.670     0.998   -10.483     7.143
 (1 - 6)     -1.257     1.000   -10.070     7.556
 (1 - 7)     -0.542     1.000    -9.355     8.271
 (2 - 0)     -3.068     0.937   -11.881     5.745
 (2 - 1)      2.204     0.990    -6.609    11.017
 (2 - 3)    -10.955     0.008   -19.768    -2.142
 (2 - 4)     -0.056     1.000    -8.869     8.757
 (2 - 5)      0.534     1.000    -8.279     9.347
 (2 - 6)      0.947     1.000    -7.866     9.761
 (2 - 7)      1.662     0.998    -7.151    10.475
 (3 - 0)      7.886     0.103    -0.927    16.700
 (3 - 1)     13.159     0.001     4.346    21.972
 (3 - 2)     10.955     0.008     2.142    19.768
 (3 - 4)     10.899     0.008     2.086    19.712
 (3 - 5)     11.489     0.005     2.676    20.302
 (3 - 6)     11.902     0.003     3.089    20.715
 (3 - 7)     12.617     0.002     3.804    21.430
 (4 - 0)     -3.013     0.943   -11.826     5.800
 (4 - 1)      2.260     0.988    -6.553    11.073
 (4 - 2)      0.056     1.000    -8.757     8.869
 (4 - 3)    -10.899     0.008   -19.712    -2.086
 (4 - 5)      0.590     1.000    -8.223     9.403
 (4 - 6)      1.003     1.000    -7.810     9.816
 (4 - 7)      1.717     0.998    -7.096    10.530
 (5 - 0)     -3.602     0.869   -12.415     5.211
 (5 - 1)      1.670     0.998    -7.143    10.483
 (5 - 2)     -0.534     1.000    -9.347     8.279
 (5 - 3)    -11.489     0.005   -20.302    -2.676
 (5 - 4)     -0.590     1.000    -9.403     8.223
 (5 - 6)      0.413     1.000    -8.400     9.226
 (5 - 7)      1.128     1.000    -7.685     9.941
 (6 - 0)     -4.016     0.795   -12.829     4.797
 (6 - 1)      1.257     1.000    -7.556    10.070
 (6 - 2)     -0.947     1.000    -9.761     7.866
 (6 - 3)    -11.902     0.003   -20.715    -3.089
 (6 - 4)     -1.003     1.000    -9.816     7.810
 (6 - 5)     -0.413     1.000    -9.226     8.400
 (6 - 7)      0.714     1.000    -8.099     9.527
 (7 - 0)     -4.730     0.640   -13.543     4.083
 (7 - 1)      0.542     1.000    -8.271     9.355
 (7 - 2)     -1.662     0.998   -10.475     7.151
 (7 - 3)    -12.617     0.002   -21.430    -3.804
 (7 - 4)     -1.717     0.998   -10.530     7.096
 (7 - 5)     -1.128     1.000    -9.941     7.685
 (7 - 6)     -0.714     1.000    -9.527     8.099

task4
359
Tukey's HSD Pairwise Group Comparisons (95.0% Confidence Interval)
Comparison  Statistic  p-value  Lower CI  Upper CI
 (0 - 1)      7.103     0.561    -5.254    19.460
 (0 - 2)      7.128     0.557    -5.229    19.486
 (0 - 3)     -7.122     0.558   -19.479     5.235
 (0 - 4)      6.638     0.639    -5.719    18.996
 (0 - 5)      7.902     0.432    -4.455    20.260
 (0 - 6)      8.913     0.291    -3.444    21.271
 (0 - 7)      9.403     0.234    -2.955    21.760
 (1 - 0)     -7.103     0.561   -19.460     5.254
 (1 - 2)      0.025     1.000   -12.332    12.383
 (1 - 3)    -14.225     0.016   -26.582    -1.868
 (1 - 4)     -0.465     1.000   -12.822    11.893
 (1 - 5)      0.799     1.000   -11.558    13.156
 (1 - 6)      1.810     1.000   -10.547    14.168
 (1 - 7)      2.300     0.998   -10.058    14.657
 (2 - 0)     -7.128     0.557   -19.486     5.229
 (2 - 1)     -0.025     1.000   -12.383    12.332
 (2 - 3)    -14.250     0.016   -26.608    -1.893
 (2 - 4)     -0.490     1.000   -12.847    11.868
 (2 - 5)      0.774     1.000   -11.583    13.131
 (2 - 6)      1.785     1.000   -10.572    14.143
 (2 - 7)      2.275     0.998   -10.083    14.632
 (3 - 0)      7.122     0.558    -5.235    19.479
 (3 - 1)     14.225     0.016     1.868    26.582
 (3 - 2)     14.250     0.016     1.893    26.608
 (3 - 4)     13.760     0.022     1.403    26.118
 (3 - 5)     15.024     0.010     2.667    27.382
 (3 - 6)     16.035     0.005     3.678    28.393
 (3 - 7)     16.525     0.004     4.167    28.882
 (4 - 0)     -6.638     0.639   -18.996     5.719
 (4 - 1)      0.465     1.000   -11.893    12.822
 (4 - 2)      0.490     1.000   -11.868    12.847
 (4 - 3)    -13.760     0.022   -26.118    -1.403
 (4 - 5)      1.264     1.000   -11.094    13.621
 (4 - 6)      2.275     0.998   -10.082    14.632
 (4 - 7)      2.764     0.995    -9.593    15.122
 (5 - 0)     -7.902     0.432   -20.260     4.455
 (5 - 1)     -0.799     1.000   -13.156    11.558
 (5 - 2)     -0.774     1.000   -13.131    11.583
 (5 - 3)    -15.024     0.010   -27.382    -2.667
 (5 - 4)     -1.264     1.000   -13.621    11.094
 (5 - 6)      1.011     1.000   -11.346    13.369
 (5 - 7)      1.501     1.000   -10.857    13.858
 (6 - 0)     -8.913     0.291   -21.271     3.444
 (6 - 1)     -1.810     1.000   -14.168    10.547
 (6 - 2)     -1.785     1.000   -14.143    10.572
 (6 - 3)    -16.035     0.005   -28.393    -3.678
 (6 - 4)     -2.275     0.998   -14.632    10.082
 (6 - 5)     -1.011     1.000   -13.369    11.346
 (6 - 7)      0.489     1.000   -11.868    12.847
 (7 - 0)     -9.403     0.234   -21.760     2.955
 (7 - 1)     -2.300     0.998   -14.657    10.058
 (7 - 2)     -2.275     0.998   -14.632    10.083
 (7 - 3)    -16.525     0.004   -28.882    -4.167
 (7 - 4)     -2.764     0.995   -15.122     9.593
 (7 - 5)     -1.501     1.000   -13.858    10.857
 (7 - 6)     -0.489     1.000   -12.847    11.868

task4
404
Tukey's HSD Pairwise Group Comparisons (95.0% Confidence Interval)
Comparison  Statistic  p-value  Lower CI  Upper CI
 (0 - 1)      7.777     0.653    -6.888    22.443
 (0 - 2)      7.308     0.717    -7.358    21.973
 (0 - 3)     -7.062     0.749   -21.727     7.604
 (0 - 4)      6.996     0.757    -7.669    21.661
 (0 - 5)      7.654     0.670    -7.012    22.319
 (0 - 6)      8.799     0.510    -5.866    23.464
 (0 - 7)      9.240     0.450    -5.425    23.906
 (1 - 0)     -7.777     0.653   -22.443     6.888
 (1 - 2)     -0.470     1.000   -15.135    14.196
 (1 - 3)    -14.839     0.046   -29.504    -0.173
 (1 - 4)     -0.781     1.000   -15.447    13.884
 (1 - 5)     -0.124     1.000   -14.789    14.542
 (1 - 6)      1.022     1.000   -13.644    15.687
 (1 - 7)      1.463     1.000   -13.203    16.128
 (2 - 0)     -7.308     0.717   -21.973     7.358
 (2 - 1)      0.470     1.000   -14.196    15.135
 (2 - 3)    -14.369     0.058   -29.034     0.296
 (2 - 4)     -0.311     1.000   -14.977    14.354
 (2 - 5)      0.346     1.000   -14.319    15.012
 (2 - 6)      1.491     1.000   -13.174    16.157
 (2 - 7)      1.933     1.000   -12.733    16.598
 (3 - 0)      7.062     0.749    -7.604    21.727
 (3 - 1)     14.839     0.046     0.173    29.504
 (3 - 2)     14.369     0.058    -0.296    29.034
 (3 - 4)     14.058     0.067    -0.608    28.723
 (3 - 5)     14.715     0.049     0.050    29.381
 (3 - 6)     15.861     0.028     1.195    30.526
 (3 - 7)     16.302     0.022     1.636    30.967
 (4 - 0)     -6.996     0.757   -21.661     7.669
 (4 - 1)      0.781     1.000   -13.884    15.447
 (4 - 2)      0.311     1.000   -14.354    14.977
 (4 - 3)    -14.058     0.067   -28.723     0.608
 (4 - 5)      0.658     1.000   -14.008    15.323
 (4 - 6)      1.803     1.000   -12.863    16.468
 (4 - 7)      2.244     1.000   -12.421    16.910
 (5 - 0)     -7.654     0.670   -22.319     7.012
 (5 - 1)      0.124     1.000   -14.542    14.789
 (5 - 2)     -0.346     1.000   -15.012    14.319
 (5 - 3)    -14.715     0.049   -29.381    -0.050
 (5 - 4)     -0.658     1.000   -15.323    14.008
 (5 - 6)      1.145     1.000   -13.520    15.811
 (5 - 7)      1.587     1.000   -13.079    16.252
 (6 - 0)     -8.799     0.510   -23.464     5.866
 (6 - 1)     -1.022     1.000   -15.687    13.644
 (6 - 2)     -1.491     1.000   -16.157    13.174
 (6 - 3)    -15.861     0.028   -30.526    -1.195
 (6 - 4)     -1.803     1.000   -16.468    12.863
 (6 - 5)     -1.145     1.000   -15.811    13.520
 (6 - 7)      0.441     1.000   -14.224    15.107
 (7 - 0)     -9.240     0.450   -23.906     5.425
 (7 - 1)     -1.463     1.000   -16.128    13.203
 (7 - 2)     -1.933     1.000   -16.598    12.733
 (7 - 3)    -16.302     0.022   -30.967    -1.636
 (7 - 4)     -2.244     1.000   -16.910    12.421
 (7 - 5)     -1.587     1.000   -16.252    13.079
 (7 - 6)     -0.441     1.000   -15.107    14.224
